Date	Inflation	Unrate	FedFunds	
1960-01-01	1.6	5.1	3.93
1960-04-01	1.0	5.2	3.70
1960-07-01	1.4	5.5	2.94
1960-10-01	1.2	6.3	2.30
1961-01-01	0.9	6.8	2.00
1961-04-01	0.9	7.0	1.73
1961-07-01	1.0	6.8	1.68
1961-10-01	1.3	6.2	2.40
1962-01-01	2.1	5.6	2.46
1962-04-01	0.7	5.5	2.61
1962-07-01	0.8	5.6	2.85
1962-10-01	0.8	5.5	2.92
1963-01-01	1.7	5.8	2.97
1963-04-01	0.7	5.7	2.96
1963-07-01	0.5	5.5	3.33
1963-10-01	3.3	5.6	3.45
1964-01-01	1.3	5.5	3.46
1964-04-01	0.9	5.2	3.49
1964-07-01	1.6	5.0	3.46
1964-10-01	1.8	5.0	3.58
1965-01-01	2.0	4.9	3.98
1965-04-01	1.9	4.7	4.08
1965-07-01	1.6	4.4	4.08
1965-10-01	2.8	4.1	4.17
1966-01-01	2.6	3.9	4.56
1966-04-01	3.3	3.8	4.91
1966-07-01	3.9	3.8	5.41
1966-10-01	3.4	3.7	5.56
1967-01-01	1.7	3.8	4.82
1967-04-01	2.0	3.8	3.99
1967-07-01	3.9	3.8	3.89
1967-10-01	4.5	3.9	4.17
1968-01-01	4.5	3.7	4.79
1968-04-01	4.3	3.6	5.98
1968-07-01	4.0	3.5	5.95
1968-10-01	5.8	3.4	5.92
1969-01-01	4.2	3.4	6.57
1969-04-01	5.2	3.4	8.33
1969-07-01	5.8	3.6	8.98
1969-10-01	5.3	3.6	8.94
1970-01-01	5.8	4.2	8.57
1970-04-01	5.7	4.8	7.89
1970-07-01	3.3	5.2	6.71
1970-10-01	5.4	5.8	5.57
1971-01-01	6.2	5.9	3.86
1971-04-01	5.4	5.9	4.57
1971-07-01	4.1	6.0	5.48
1971-10-01	3.4	5.9	4.75
1972-01-01	6.2	5.8	3.55
1972-04-01	2.5	5.7	4.30
1972-07-01	3.9	5.6	4.74
1972-10-01	5.2	5.4	5.15
1973-01-01	4.7	4.9	6.54
1973-04-01	6.3	4.9	7.82
1973-07-01	8.0	4.8	10.56
1973-10-01	8.2	4.8	10.00
1974-01-01	7.8	5.1	9.32
1974-04-01	9.8	5.2	11.25
1974-07-01	12.3	5.6	12.09
1974-10-01	12.3	6.6	9.35
1975-01-01	9.4	8.3	6.30
1975-04-01	6.1	8.9	5.42
1975-07-01	7.2	8.5	6.16
1975-10-01	6.9	8.3	5.41
1976-01-01	4.3	7.7	4.83
1976-04-01	4.1	7.6	5.20
1976-07-01	5.3	7.7	5.28
1976-10-01	7.4	7.8	4.87
1977-01-01	6.6	7.5	4.66
1977-04-01	5.8	7.1	5.16
1977-07-01	5.0	6.9	5.82
1977-10-01	8.9	6.7	6.51
1978-01-01	5.9	6.3	6.76
1978-04-01	7.9	6.0	7.28
1978-07-01	7.0	6.0	8.10
1978-10-01	8.4	5.9	9.58
1979-01-01	7.5	5.9	10.07
1979-04-01	10.2	5.7	10.18
1979-07-01	9.0	5.9	10.95
1979-10-01	7.6	6.0	13.58
1980-01-01	8.7	6.3	15.05
1980-04-01	9.9	7.3	12.69
1980-07-01	9.2	7.7	9.84
1980-10-01	10.8	7.4	15.85
1981-01-01	11.0	7.4	16.57
1981-04-01	8.2	7.4	17.78
1981-07-01	7.7	7.4	17.58
1981-10-01	7.1	8.2	13.59
1982-01-01	5.6	8.8	14.23
1982-04-01	5.3	9.4	14.51
1982-07-01	5.8	9.9	11.01
1982-10-01	4.2	10.7	9.29
1983-01-01	3.1	10.4	8.65
1983-04-01	3.0	10.1	8.80
1983-07-01	4.3	9.4	9.46
1983-10-01	3.1	8.5	9.43
1984-01-01	4.1	7.9	9.69
1984-04-01	3.5	7.4	10.56
1984-07-01	3.6	7.4	11.39
1984-10-01	3.0	7.3	9.27
1985-01-01	4.0	7.2	8.48
1985-04-01	2.6	7.3	7.92
1985-07-01	2.4	7.2	7.90
1985-10-01	2.3	7.0	8.10
1986-01-01	2.0	7.0	7.83
1986-04-01	1.5	7.2	6.92
1986-07-01	1.6	7.0	6.21
1986-10-01	2.2	6.8	6.27
1987-01-01	2.6	6.6	6.22
1987-04-01	2.8	6.3	6.65
1987-07-01	3.1	6.0	6.84
1987-10-01	3.2	5.8	6.92
1988-01-01	3.2	5.7	6.66
1988-04-01	3.9	5.5	7.16
1988-07-01	4.9	5.5	7.98
1988-10-01	3.5	5.3	8.47
1989-01-01	4.2	5.2	9.44
1989-04-01	4.3	5.2	9.73
1989-07-01	3.0	5.2	9.08
1989-10-01	2.9	5.4	8.61
1990-01-01	4.4	5.3	8.25
1990-04-01	4.6	5.3	8.24
1990-07-01	3.5	5.7	8.16
1990-10-01	3.0	6.1	7.74
1991-01-01	4.0	6.6	6.43
1991-04-01	3.0	6.8	5.86
1991-07-01	3.2	6.9	5.64
1991-10-01	2.4	7.1	4.82
1992-01-01	1.5	7.4	4.02
1992-04-01	2.4	7.6	3.77
1992-07-01	2.0	7.6	3.26
1992-10-01	2.8	7.4	3.04
1993-01-01	2.3	7.1	3.04
1993-04-01	2.4	7.1	3.00
1993-07-01	2.4	6.8	3.06
1993-10-01	2.2	6.6	2.99
1994-01-01	1.9	6.6	3.21
1994-04-01	1.9	6.2	3.94
1994-07-01	2.3	6.0	4.49
1994-10-01	2.2	5.6	5.17
1995-01-01	2.2	5.5	5.81
1995-04-01	1.9	5.7	6.02
1995-07-01	2.0	5.7	5.80
1995-10-01	1.9	5.6	5.72
1996-01-01	1.9	5.5	5.36
1996-04-01	1.7	5.5	5.24
1996-07-01	1.3	5.3	5.31
1996-10-01	2.2	5.3	5.28
1997-01-01	2.4	5.2	5.28
1997-04-01	0.8	5.0	5.52
1997-07-01	1.8	4.9	5.53
1997-10-01	1.3	4.7	5.51
1998-01-01	0.6	4.6	5.52
1998-04-01	0.9	4.4	5.50
1998-07-01	1.7	4.5	5.53
1998-10-01	1.1	4.4	4.86
1999-01-01	1.3	4.3	4.73
1999-04-01	1.5	4.3	4.75
1999-07-01	1.4	4.2	5.09
1999-10-01	2.2	4.1	5.31
2000-01-01	2.7	4.0	5.68
2000-04-01	2.5	3.9	6.27
2000-07-01	2.4	4.0	6.52
2000-10-01	2.2	3.9	6.47
2001-01-01	2.7	4.2	5.59
2001-04-01	2.4	4.4	4.33
2001-07-01	1.6	4.8	3.50
2001-10-01	1.3	5.5	2.13
2002-01-01	1.3	5.7	1.73
2002-04-01	1.4	5.8	1.75
2002-07-01	1.9	5.7	1.74
2002-10-01	2.3	5.9	1.44
2003-01-01	2.0	5.9	1.25
2003-04-01	1.4	6.1	1.25
2003-07-01	2.3	6.1	1.02
2003-10-01	2.5	5.8	1.00
2004-01-01	2.9	5.7	1.00
2004-04-01	3.3	5.6	1.01
2004-07-01	2.6	5.4	1.43
2004-10-01	3.1	5.4	1.95
2005-01-01	3.2	5.3	2.47
2005-04-01	2.9	5.1	2.94
2005-07-01	3.7	5.0	3.46
2005-10-01	3.3	5.0	3.98
2006-01-01	2.9	4.7	4.46
2006-04-01	3.5	4.6	4.91
2006-07-01	2.8	4.6	5.25
2006-10-01	1.4	4.4	5.25
2007-01-01	3.9	4.5	5.26
2007-04-01	2.8	4.5	5.25
2007-07-01	2.2	4.7	5.07
2007-10-01	1.6	4.8	4.50
2008-01-01	1.5	5.0	3.18
2008-04-01	2.0	5.3	2.09
2008-07-01	3.0	6.0	1.94
2008-10-01	1.0	6.9	0.51
2009-01-01	-0.3	8.3	0.18
2009-04-01	-0.7	9.3	0.18
2009-07-01	0.5	9.6	0.16
2009-10-01	1.3	9.9	0.12
2010-01-01	1.2	9.8	0.13
2010-04-01	2.0	9.6	0.19
2010-07-01	1.2	9.5	0.19
2010-10-01	2.3	9.5	0.19
2011-01-01	2.1	9.0	0.16
2011-04-01	2.7	9.1	0.09
2011-07-01	2.4	9.0	0.08
2011-10-01	0.5	8.6	0.07
2012-01-01	2.4	8.3	0.10
2012-04-01	1.7	8.2	0.15
2012-07-01	2.2	8.0	0.14
2012-10-01	2.0	7.8	0.16
2013-01-01	1.6	7.7	0.14
2013-04-01	0.9	7.5	0.12
2013-07-01	2.0	7.2	0.08
2013-10-01	2.1	6.9	0.09
2014-01-01	1.5	6.7	0.07
2014-04-01	2.3	6.2	0.09
2014-07-01	1.7	6.1	0.09
2014-10-01	0.4	5.7	0.10
2015-01-01	-0.2	5.5	0.11
2015-04-01	2.3	5.4	0.12
2015-07-01	1.1	5.1	0.14
2015-10-01	0.0	5.0	0.16
2016-01-01	-0.3	4.9	0.36
2016-04-01	2.7	4.9	0.37
2016-07-01	1.0	4.9	0.40
2016-10-01	1.9	4.8	0.45
2017-01-01	2.1	4.6	0.70
2017-04-01	1.1	4.4	0.95
2017-07-01	2.1	4.3	1.15
2017-10-01	2.5	4.2	1.20
2018-01-01	2.6	4.0	1.45
2018-04-01	2.9	3.9	1.74
2018-07-01	1.7	3.8	1.92
2018-10-01	1.7	3.8	2.22
2019-01-01	1.2	3.9	2.40
2019-04-01	2.1	3.6	2.40
2019-07-01	1.3	3.6	2.19
2019-10-01	1.2	3.6	1.64
2020-01-01	2.0	3.8	1.26
2020-04-01	-1.6	13.0	0.06
2020-07-01	3.7	8.8	0.09
2020-10-01	2.5	6.8	0.09
2021-01-01	5.2	6.2	0.08
2021-04-01	6.4	5.9	0.07
2021-07-01	6.3	5.1	0.09
2021-10-01	7.1	4.2	0.08
2022-01-01	8.3	3.8	0.12
2022-04-01	9.4	3.6	0.77
2022-07-01	4.5	3.5	2.19
2022-10-01	3.9	3.6	3.65
2023-01-01	3.8	3.5	4.52
2023-04-01	2.1	3.5	4.99
2023-07-01	3.3	3.7	5.26
2023-10-01	1.6	3.8	5.33
2024-01-01	3.2	3.8	5.33
2024-04-01	2.6	4.0	5.33
2024-07-01	1.7	4.2	5.26
2024-10-01	2.4	4.1	4.65
